[10
10
11]

[1111]

[110
011]

[011
110]

[10
10
11]

[11
11]

[010
111]

[11
11]

[011
110]

[010
111]

[1111]

[10
10
11]

[10
10
11]

[110
011]

[11
11]

[10
10
11]

[110
011]

[011
110]

[10
10
11]

[1111]

[010
111]

[1111]

[010
111]

[011
110]

[110
011]

[10
10
11]

[11
11]

[10
10
11]

[010
111]

[00100
01010
11111
10001
10001]

[1111]

[110
011]

[10
10
11]

[011
110]

[11
11]

[10
10
11]

[10
10
11]

[10
10
11]

[110
011]

[011
110]

[1111]

[010
111]

[11
11]

[00100
01010
11111
10001
10001]

[010
111]

[110
011]

[11
11]

[1111]

[10
10
11]

[011
110]

[10
10
11]

[011
110]

[10
10
11]

[1111]

[110
011]

[010
111]

[11
11]

[10
10
11]

[110
011]

[10
10
11]

[1111]

[10
10
11]

[00100
01010
11111
10001
10001]