[101
111]

[1]

[11]

[111]

[1111]

[11
11]

[10
01]

[10
10
11]

[10
11
01]

[111
010]

[010
111
010]

[110
011]

[010
111
010]

[101
010
101]

[101
111]

[1]

[11]

[111]

[1111]

[11
11]

[10
01]

[10
10
11]

[10
11
01]

[111
010]

[010
111
010]

[110
011]

[010
111
010]

[101
010
101]


[101
111]

[1]

[11]

[111]

[1111]

[11
11]

[10
01]

[10
10
11]

[10
11
01]

[111
010]

[010
111
010]

[110
011]

[010
111
010]

[101
010
101]


[101
111]

[1]

[11]

[111]

[1111]

[11
11]

[10
01]

[10
10
11]

[10
11
01]

[111
010]

[010
111
010]

[110
011]

[010
111
010]

[101
010
101]